{
  "nbformat": 4,
  "nbformat_minor": 0,
  "metadata": {
    "colab": {
      "name": "SheidaTalei_KMeanVsTfIDf_FinalProject.ipynb",
      "provenance": [],
      "collapsed_sections": [],
      "authorship_tag": "ABX9TyNiM0J4rWOsn36aBC9Zarb7",
      "include_colab_link": true
    },
    "kernelspec": {
      "name": "python3",
      "display_name": "Python 3"
    }
  },
  "cells": [
    {
      "cell_type": "markdown",
      "metadata": {
        "id": "view-in-github",
        "colab_type": "text"
      },
      "source": [
        "<a href=\"https://colab.research.google.com/github/SheidaTalei/FinalProject/blob/main/SheidaTalei_KMeanVsTfIDf_FinalProject.ipynb\" target=\"_parent\"><img src=\"https://colab.research.google.com/assets/colab-badge.svg\" alt=\"Open In Colab\"/></a>"
      ]
    },
    {
      "cell_type": "markdown",
      "metadata": {
        "id": "Y5kbpylkbSHh"
      },
      "source": [
        "#SUBJECT: K-Mean Vs TF-IDF\r\n",
        "###AUTHOR: Sheida Talei"
      ]
    },
    {
      "cell_type": "code",
      "metadata": {
        "colab": {
          "base_uri": "https://localhost:8080/",
          "height": 239
        },
        "id": "uovInzwGbQEC",
        "outputId": "50235228-fb44-432e-e729-21bbecbafaa3"
      },
      "source": [
        "import os, sys\r\n",
        "from google.colab import drive\r\n",
        "drive.mount('/content/drive')\r\n",
        "nb_path = '/content/notebooks'\r\n",
        "os.symlink('/content/drive/My Drive/Colab Notebooks', nb_path)\r\n",
        "sys.path.insert(0,nb_path)"
      ],
      "execution_count": 57,
      "outputs": [
        {
          "output_type": "stream",
          "text": [
            "Drive already mounted at /content/drive; to attempt to forcibly remount, call drive.mount(\"/content/drive\", force_remount=True).\n"
          ],
          "name": "stdout"
        },
        {
          "output_type": "error",
          "ename": "FileExistsError",
          "evalue": "ignored",
          "traceback": [
            "\u001b[0;31m---------------------------------------------------------------------------\u001b[0m",
            "\u001b[0;31mFileExistsError\u001b[0m                           Traceback (most recent call last)",
            "\u001b[0;32m<ipython-input-57-01a0301fcd81>\u001b[0m in \u001b[0;36m<module>\u001b[0;34m()\u001b[0m\n\u001b[1;32m      3\u001b[0m \u001b[0mdrive\u001b[0m\u001b[0;34m.\u001b[0m\u001b[0mmount\u001b[0m\u001b[0;34m(\u001b[0m\u001b[0;34m'/content/drive'\u001b[0m\u001b[0;34m)\u001b[0m\u001b[0;34m\u001b[0m\u001b[0;34m\u001b[0m\u001b[0m\n\u001b[1;32m      4\u001b[0m \u001b[0mnb_path\u001b[0m \u001b[0;34m=\u001b[0m \u001b[0;34m'/content/notebooks'\u001b[0m\u001b[0;34m\u001b[0m\u001b[0;34m\u001b[0m\u001b[0m\n\u001b[0;32m----> 5\u001b[0;31m \u001b[0mos\u001b[0m\u001b[0;34m.\u001b[0m\u001b[0msymlink\u001b[0m\u001b[0;34m(\u001b[0m\u001b[0;34m'/content/drive/My Drive/Colab Notebooks'\u001b[0m\u001b[0;34m,\u001b[0m \u001b[0mnb_path\u001b[0m\u001b[0;34m)\u001b[0m\u001b[0;34m\u001b[0m\u001b[0;34m\u001b[0m\u001b[0m\n\u001b[0m\u001b[1;32m      6\u001b[0m \u001b[0msys\u001b[0m\u001b[0;34m.\u001b[0m\u001b[0mpath\u001b[0m\u001b[0;34m.\u001b[0m\u001b[0minsert\u001b[0m\u001b[0;34m(\u001b[0m\u001b[0;36m0\u001b[0m\u001b[0;34m,\u001b[0m\u001b[0mnb_path\u001b[0m\u001b[0;34m)\u001b[0m\u001b[0;34m\u001b[0m\u001b[0;34m\u001b[0m\u001b[0m\n",
            "\u001b[0;31mFileExistsError\u001b[0m: [Errno 17] File exists: '/content/drive/My Drive/Colab Notebooks' -> '/content/notebooks'"
          ]
        }
      ]
    },
    {
      "cell_type": "code",
      "metadata": {
        "id": "M-P86Dhv3-X5",
        "colab": {
          "base_uri": "https://localhost:8080/"
        },
        "outputId": "056fdd37-6d60-4631-a274-da4ab31b2d67"
      },
      "source": [
        "# !pip install --target=$nb_path wordcloud-fa"
      ],
      "execution_count": 1,
      "outputs": [
        {
          "output_type": "stream",
          "text": [
            "Processing /root/.cache/pip/wheels/37/dd/e9/d6d14e3faa089ffa1bc80ae6f713ca91d2ffd0bb786edcdef5/wordcloud_fa-0.1.8-cp36-none-any.whl\n",
            "Requirement already satisfied: pillow>=7.0.0 in /usr/local/lib/python3.6/dist-packages (from wordcloud-fa) (7.0.0)\n",
            "Collecting wordcloud==1.7.0\n",
            "  Using cached https://files.pythonhosted.org/packages/f6/e7/f4ed7fac1993615b4ba92f473a77e27a3d210c5d23a000c2c98846963f9a/wordcloud-1.7.0-cp36-cp36m-manylinux1_x86_64.whl\n",
            "Requirement already satisfied: matplotlib>=3.1.2 in /usr/local/lib/python3.6/dist-packages (from wordcloud-fa) (3.2.2)\n",
            "Processing /root/.cache/pip/wheels/62/52/d8/bd0dcbf00f9e77e3bd0184285ed77dfa9c475dac494a5353d1/arabic_reshaper-2.1.1-cp36-none-any.whl\n",
            "Requirement already satisfied: numpy>=1.18.1 in /usr/local/lib/python3.6/dist-packages (from wordcloud-fa) (1.19.5)\n",
            "Collecting python-bidi>=0.4.2\n",
            "  Using cached https://files.pythonhosted.org/packages/33/b0/f942d146a2f457233baaafd6bdf624eba8e0f665045b4abd69d1b62d097d/python_bidi-0.4.2-py2.py3-none-any.whl\n",
            "Collecting hazm\n",
            "  Using cached https://files.pythonhosted.org/packages/22/13/5a7074bc11d20dbbb46239349ac3f85f7edc148b4cf68e9b8c2f8263830c/hazm-0.7.0-py3-none-any.whl\n",
            "Requirement already satisfied: pyparsing!=2.0.4,!=2.1.2,!=2.1.6,>=2.0.1 in /usr/local/lib/python3.6/dist-packages (from matplotlib>=3.1.2->wordcloud-fa) (2.4.7)\n",
            "Requirement already satisfied: kiwisolver>=1.0.1 in /usr/local/lib/python3.6/dist-packages (from matplotlib>=3.1.2->wordcloud-fa) (1.3.1)\n",
            "Requirement already satisfied: cycler>=0.10 in /usr/local/lib/python3.6/dist-packages (from matplotlib>=3.1.2->wordcloud-fa) (0.10.0)\n",
            "Requirement already satisfied: python-dateutil>=2.1 in /usr/local/lib/python3.6/dist-packages (from matplotlib>=3.1.2->wordcloud-fa) (2.8.1)\n",
            "Requirement already satisfied: setuptools in /usr/local/lib/python3.6/dist-packages (from arabic-reshaper->wordcloud-fa) (51.1.1)\n",
            "Requirement already satisfied: future in /usr/local/lib/python3.6/dist-packages (from arabic-reshaper->wordcloud-fa) (0.16.0)\n",
            "Requirement already satisfied: six in /usr/local/lib/python3.6/dist-packages (from python-bidi>=0.4.2->wordcloud-fa) (1.15.0)\n",
            "Processing /root/.cache/pip/wheels/66/15/54/4510dce8bb958b1cdd2c47425cbd1e1eecc0480ac9bb1fb9ab/libwapiti-0.2.1-cp36-cp36m-linux_x86_64.whl\n",
            "Processing /root/.cache/pip/wheels/d1/ab/40/3bceea46922767e42986aef7606a600538ca80de6062dc266c/nltk-3.3-cp36-none-any.whl\n",
            "Installing collected packages: wordcloud, arabic-reshaper, python-bidi, libwapiti, nltk, hazm, wordcloud-fa\n",
            "  Found existing installation: wordcloud 1.5.0\n",
            "    Uninstalling wordcloud-1.5.0:\n",
            "      Successfully uninstalled wordcloud-1.5.0\n",
            "  Found existing installation: nltk 3.2.5\n",
            "    Uninstalling nltk-3.2.5:\n",
            "      Successfully uninstalled nltk-3.2.5\n",
            "Successfully installed arabic-reshaper-2.1.1 hazm-0.7.0 libwapiti-0.2.1 nltk-3.3 python-bidi-0.4.2 wordcloud-1.7.0 wordcloud-fa-0.1.8\n"
          ],
          "name": "stdout"
        }
      ]
    },
    {
      "cell_type": "code",
      "metadata": {
        "id": "538pDnGPbP5F"
      },
      "source": [
        "import pandas as pd\r\n",
        "import numpy as np \r\n",
        "import matplotlib.pyplot as plt\r\n",
        "from sklearn.cluster import KMeans\r\n",
        "from sklearn.feature_extraction.text import TfidfVectorizer\r\n",
        "import matplotlib.pyplot as plt\r\n",
        "import seaborn as sns; sns.set()  # for plot styling\r\n",
        "# from kneed import KneeLocator\r\n",
        "from sklearn import metrics\r\n",
        "from sklearn.decomposition import TruncatedSVD"
      ],
      "execution_count": 58,
      "outputs": []
    },
    {
      "cell_type": "code",
      "metadata": {
        "id": "e5txGvMpNIdl"
      },
      "source": [
        "from os import path\r\n",
        "from PIL import Image\r\n",
        "from wordcloud import WordCloud, STOPWORDS, ImageColorGenerator\r\n",
        "import matplotlib.pyplot as plt\r\n",
        "import seaborn as sn\r\n",
        "from wordcloud_fa import WordCloudFa"
      ],
      "execution_count": 59,
      "outputs": []
    },
    {
      "cell_type": "code",
      "metadata": {
        "id": "6MMBLXDdb2U8"
      },
      "source": [
        "#------------------------------------------Empty Rows Removal----------------------------------------------------------------\r\n",
        "# This function Will: 1- Remove all empty rows from csv file 2- Save data to the same csv\r\n",
        "def removeEmptyRows(fileName):\r\n",
        "    df = pd.read_csv(fileName, encoding='utf-8-sig')\r\n",
        "    df = df.dropna(subset=['text'], how='all', axis=0) \r\n",
        "    df.to_csv(fileName, header=True, encoding='utf-8-sig',  index=False)\r\n",
        "    \r\n",
        "    return df"
      ],
      "execution_count": 60,
      "outputs": []
    },
    {
      "cell_type": "code",
      "metadata": {
        "id": "3V2U_CB1b2Ol"
      },
      "source": [
        "\r\n",
        "X_and_Y = removeEmptyRows ('/content/drive/MyDrive/Final/train_temp.csv')\r\n",
        "Y= X_and_Y.Label\r\n",
        "X = X_and_Y.text"
      ],
      "execution_count": 61,
      "outputs": []
    },
    {
      "cell_type": "code",
      "metadata": {
        "id": "V7QL5eNPcd1j"
      },
      "source": [
        "#--------------------------------------------------Loading StopWords ------------------------------------------\r\n",
        "#Source of file: https://sites.google.com/site/kevinbouge/stopwords-lists\r\n",
        "def getStopWord ():\r\n",
        "    try:\r\n",
        "        file = open('/content/drive/MyDrive/Final/stopwords_fa.txt', 'r', encoding='utf-8-sig')\r\n",
        "        file_readed = file.read()\r\n",
        "    \r\n",
        "    finally:\r\n",
        "        file.close()\r\n",
        "        \r\n",
        "    stopWord_Set = set(file_readed.split())\r\n",
        "    return stopWord_Set\r\n"
      ],
      "execution_count": 62,
      "outputs": []
    },
    {
      "cell_type": "code",
      "metadata": {
        "id": "hqzSeEf_coFT"
      },
      "source": [
        "persian_stop_word = list(getStopWord())\r\n"
      ],
      "execution_count": 63,
      "outputs": []
    },
    {
      "cell_type": "code",
      "metadata": {
        "id": "1BLb9YzVd491"
      },
      "source": [
        "vectorizer = TfidfVectorizer(stop_words= persian_stop_word ,  max_features = 2000 ) \r\n",
        "X_train_vector  = vectorizer.fit_transform(X)"
      ],
      "execution_count": 64,
      "outputs": []
    },
    {
      "cell_type": "code",
      "metadata": {
        "id": "xACxOW8yn0Cr"
      },
      "source": [
        "#source: https://stackoverflow.com/questions/34725726/is-it-possible-apply-pca-on-any-text-classification\r\n",
        "svd = TruncatedSVD(n_components=200)\r\n",
        "X_svd = svd.fit_transform(X_train_vector)"
      ],
      "execution_count": 65,
      "outputs": []
    },
    {
      "cell_type": "code",
      "metadata": {
        "colab": {
          "base_uri": "https://localhost:8080/"
        },
        "id": "hcXSoDF5cn8j",
        "outputId": "7069950b-7660-4a3c-a912-dd8e01015114"
      },
      "source": [
        "#source: https://towardsdatascience.com/k-means-clustering-with-python-code-explained-5a792bd19548\r\n",
        "num_cluster = 1000\r\n",
        "kmean=KMeans(n_clusters=num_cluster)\r\n",
        "kmean.fit(X_svd)\r\n",
        "labels = kmean.labels_\r\n",
        "silhoute = metrics.silhouette_score(X_svd, labels, metric='euclidean')\r\n",
        "print(\"silhouette_score is: \",silhoute)"
      ],
      "execution_count": 103,
      "outputs": [
        {
          "output_type": "stream",
          "text": [
            "silhouette_score is:  0.16058184019995184\n"
          ],
          "name": "stdout"
        }
      ]
    },
    {
      "cell_type": "code",
      "metadata": {
        "id": "5ZbUEqAlLICm"
      },
      "source": [
        "centroids = kmean.cluster_centers_"
      ],
      "execution_count": 104,
      "outputs": []
    },
    {
      "cell_type": "code",
      "metadata": {
        "id": "t-O77nhfQX80"
      },
      "source": [
        "#Source: https://stackoverflow.com/questions/26450673/sklearn-decomposition-top-terms\r\n",
        "# weights = np.dot(kmean.cluster_centers_, svd.components_)"
      ],
      "execution_count": 14,
      "outputs": []
    },
    {
      "cell_type": "code",
      "metadata": {
        "id": "8GURqR7uScFE"
      },
      "source": [
        "# weights.shape"
      ],
      "execution_count": 15,
      "outputs": []
    },
    {
      "cell_type": "code",
      "metadata": {
        "id": "yXSMX49YTmn7"
      },
      "source": [
        "#this functon calculates cos theta between two vectors\r\n",
        "def similarity (vector_a, vector_b):\r\n",
        "  ma = np.linalg.norm(vector_a)\r\n",
        "  mb = np.linalg.norm(vector_b)\r\n",
        "  sim = (np.matmul(vector_a,vector_b))/(ma * mb)\r\n",
        "  return sim\r\n"
      ],
      "execution_count": 105,
      "outputs": []
    },
    {
      "cell_type": "code",
      "metadata": {
        "id": "8kVLd61UUsvL"
      },
      "source": [
        "centroid_matrix = np.zeros((num_cluster,num_cluster))"
      ],
      "execution_count": 106,
      "outputs": []
    },
    {
      "cell_type": "code",
      "metadata": {
        "id": "VcV1a6O4UOny"
      },
      "source": [
        "\r\n",
        "for i in range(num_cluster):\r\n",
        "  for j in range(num_cluster):\r\n",
        "    centroid_matrix[i][j] = similarity(centroids[i], centroids[j])\r\n"
      ],
      "execution_count": 107,
      "outputs": []
    },
    {
      "cell_type": "code",
      "metadata": {
        "colab": {
          "base_uri": "https://localhost:8080/"
        },
        "id": "cngirXbMVPby",
        "outputId": "d4cdada7-d2ff-4b1d-8bbd-0d5b366471cb"
      },
      "source": [
        "print(centroid_matrix)"
      ],
      "execution_count": 71,
      "outputs": [
        {
          "output_type": "stream",
          "text": [
            "[[1.         0.09498211 0.17021227 0.01764478 0.05998023 0.08653912\n",
            "  0.16823401 0.08860989 0.11953755 0.27961163 0.12245255 0.01037042\n",
            "  0.15246637 0.17506141 0.12126468 0.06988817 0.06576208 0.09052177\n",
            "  0.08940162 0.02298132]\n",
            " [0.09498211 1.         0.12989528 0.06607205 0.07616877 0.14699585\n",
            "  0.10918942 0.08176959 0.18565157 0.29066805 0.1689943  0.04079118\n",
            "  0.08491734 0.13014762 0.19032124 0.11803591 0.11533678 0.1310922\n",
            "  0.1136453  0.01781666]\n",
            " [0.17021227 0.12989528 1.         0.03616408 0.08153084 0.1521836\n",
            "  0.1557157  0.12595682 0.15017862 0.37168396 0.14062867 0.02524508\n",
            "  0.14625652 0.25679405 0.11379579 0.05924319 0.10963474 0.11552005\n",
            "  0.12048698 0.01262402]\n",
            " [0.01764478 0.06607205 0.03616408 1.         0.02204826 0.05338452\n",
            "  0.03580066 0.03213437 0.06862997 0.12066914 0.02673653 0.02093506\n",
            "  0.01722541 0.03752652 0.03564962 0.03027362 0.11231448 0.03041304\n",
            "  0.04673132 0.00118721]\n",
            " [0.05998023 0.07616877 0.08153084 0.02204826 1.         0.07691135\n",
            "  0.10216411 0.08104327 0.09412049 0.26646572 0.06120348 0.01430011\n",
            "  0.07781601 0.07761294 0.11751499 0.03875204 0.07320787 0.06389991\n",
            "  0.06365089 0.02808852]\n",
            " [0.08653912 0.14699585 0.1521836  0.05338452 0.07691135 1.\n",
            "  0.10705949 0.09545606 0.24548294 0.30450239 0.08857686 0.09704702\n",
            "  0.07298128 0.12945057 0.11579769 0.06309153 0.14136069 0.20086226\n",
            "  0.22089369 0.02144512]\n",
            " [0.16823401 0.10918942 0.1557157  0.03580066 0.10216411 0.10705949\n",
            "  1.         0.09761928 0.14053784 0.32732214 0.13394591 0.02290466\n",
            "  0.13507241 0.14490975 0.11999747 0.06190755 0.08889361 0.0934396\n",
            "  0.20002778 0.01272853]\n",
            " [0.08860989 0.08176959 0.12595682 0.03213437 0.08104327 0.09545606\n",
            "  0.09761928 1.         0.11424683 0.22880396 0.08482959 0.01839095\n",
            "  0.10107439 0.12892627 0.10539157 0.05626    0.0661807  0.08506952\n",
            "  0.11807608 0.01534943]\n",
            " [0.11953755 0.18565157 0.15017862 0.06862997 0.09412049 0.24548294\n",
            "  0.14053784 0.11424683 1.         0.35224028 0.10433677 0.04120423\n",
            "  0.10014027 0.15340378 0.12000151 0.06093342 0.13354078 0.43059253\n",
            "  0.17755721 0.03175124]\n",
            " [0.27961163 0.29066805 0.37168396 0.12066914 0.26646572 0.30450239\n",
            "  0.32732214 0.22880396 0.35224028 1.         0.30262936 0.08024588\n",
            "  0.29329916 0.37505812 0.31765147 0.17678242 0.255328   0.24190584\n",
            "  0.26265984 0.07770721]\n",
            " [0.12245255 0.1689943  0.14062867 0.02673653 0.06120348 0.08857686\n",
            "  0.13394591 0.08482959 0.10433677 0.30262936 1.         0.0293033\n",
            "  0.14548528 0.13383419 0.2155925  0.14198803 0.07319773 0.07950131\n",
            "  0.11316293 0.01911735]\n",
            " [0.01037042 0.04079118 0.02524508 0.02093506 0.01430011 0.09704702\n",
            "  0.02290466 0.01839095 0.04120423 0.08024588 0.0293033  1.\n",
            "  0.01663237 0.0205955  0.03362242 0.01675281 0.0220397  0.02363499\n",
            "  0.01932683 0.00271897]\n",
            " [0.15246637 0.08491734 0.14625652 0.01722541 0.07781601 0.07298128\n",
            "  0.13507241 0.10107439 0.10014027 0.29329916 0.14548528 0.01663237\n",
            "  1.         0.16689066 0.11118803 0.0780555  0.06667647 0.07915912\n",
            "  0.07582383 0.00793983]\n",
            " [0.17506141 0.13014762 0.25679405 0.03752652 0.07761294 0.12945057\n",
            "  0.14490975 0.12892627 0.15340378 0.37505812 0.13383419 0.0205955\n",
            "  0.16689066 1.         0.10494461 0.05319254 0.09881053 0.09946143\n",
            "  0.15436888 0.01132916]\n",
            " [0.12126468 0.19032124 0.11379579 0.03564962 0.11751499 0.11579769\n",
            "  0.11999747 0.10539157 0.12000151 0.31765147 0.2155925  0.03362242\n",
            "  0.11118803 0.10494461 1.         0.40518323 0.10318488 0.08195611\n",
            "  0.10198939 0.05565271]\n",
            " [0.06988817 0.11803591 0.05924319 0.03027362 0.03875204 0.06309153\n",
            "  0.06190755 0.05626    0.06093342 0.17678242 0.14198803 0.01675281\n",
            "  0.0780555  0.05319254 0.40518323 1.         0.05849797 0.04721773\n",
            "  0.06953221 0.00977679]\n",
            " [0.06576208 0.11533678 0.10963474 0.11231448 0.07320787 0.14136069\n",
            "  0.08889361 0.0661807  0.13354078 0.255328   0.07319773 0.0220397\n",
            "  0.06667647 0.09881053 0.10318488 0.05849797 1.         0.07703208\n",
            "  0.08177014 0.02616062]\n",
            " [0.09052177 0.1310922  0.11552005 0.03041304 0.06389991 0.20086226\n",
            "  0.0934396  0.08506952 0.43059253 0.24190584 0.07950131 0.02363499\n",
            "  0.07915912 0.09946143 0.08195611 0.04721773 0.07703208 1.\n",
            "  0.11276297 0.02727614]\n",
            " [0.08940162 0.1136453  0.12048698 0.04673132 0.06365089 0.22089369\n",
            "  0.20002778 0.11807608 0.17755721 0.26265984 0.11316293 0.01932683\n",
            "  0.07582383 0.15436888 0.10198939 0.06953221 0.08177014 0.11276297\n",
            "  1.         0.00733139]\n",
            " [0.02298132 0.01781666 0.01262402 0.00118721 0.02808852 0.02144512\n",
            "  0.01272853 0.01534943 0.03175124 0.07770721 0.01911735 0.00271897\n",
            "  0.00793983 0.01132916 0.05565271 0.00977679 0.02616062 0.02727614\n",
            "  0.00733139 1.        ]]\n"
          ],
          "name": "stdout"
        }
      ]
    },
    {
      "cell_type": "code",
      "metadata": {
        "id": "_Sohh8v6VknN"
      },
      "source": [
        ""
      ],
      "execution_count": 46,
      "outputs": []
    },
    {
      "cell_type": "code",
      "metadata": {
        "id": "GGqyG92nVd7l"
      },
      "source": [
        "#Source: https://stackoverflow.com/questions/35572000/how-can-i-plot-a-confusion-matrix\r\n",
        "df_cm = pd.DataFrame(centroid_matrix, range(1,num_cluster+1), range(1,num_cluster+1))\r\n",
        "plt.figure(figsize = (200,140))\r\n",
        "# sn.color_palette(\"vlag\", as_cmap=True)\r\n",
        "plot = sn.heatmap(df_cm, annot=True, cmap=\"coolwarm\")\r\n",
        "plot.figure.savefig(\"/content/drive/MyDrive/Final/output_1000.png\")"
      ],
      "execution_count": null,
      "outputs": []
    },
    {
      "cell_type": "code",
      "metadata": {
        "id": "THrLTeWlqFTR"
      },
      "source": [
        "# text = \" \".join(review for review in df.description)"
      ],
      "execution_count": null,
      "outputs": []
    },
    {
      "cell_type": "code",
      "metadata": {
        "id": "tPUP6lGDzauD"
      },
      "source": [
        "from persian_wordcloud.wordcloud import PersianWordCloud"
      ],
      "execution_count": 3,
      "outputs": []
    },
    {
      "cell_type": "code",
      "metadata": {
        "colab": {
          "base_uri": "https://localhost:8080/"
        },
        "id": "i2goFmVfzcz3",
        "outputId": "36c65b22-a26c-4796-f8b6-3135e2295659"
      },
      "source": [
        "# !pip install --target=$nb_path persian_wordcloud"
      ],
      "execution_count": 2,
      "outputs": [
        {
          "output_type": "stream",
          "text": [
            "Processing /root/.cache/pip/wheels/d6/cb/3e/9cbd2b569d53b1442208fa3a4c66c2fc2bd6ade54231d08549/persian_wordcloud-1.3.1-cp36-none-any.whl\n",
            "Requirement already satisfied: wordcloud in /usr/local/lib/python3.6/dist-packages (from persian_wordcloud) (1.7.0)\n",
            "Requirement already satisfied: python-bidi in /usr/local/lib/python3.6/dist-packages (from persian_wordcloud) (0.4.2)\n",
            "Requirement already satisfied: arabic-reshaper in /usr/local/lib/python3.6/dist-packages (from persian_wordcloud) (2.1.1)\n",
            "Requirement already satisfied: numpy>=1.6.1 in /usr/local/lib/python3.6/dist-packages (from wordcloud->persian_wordcloud) (1.19.5)\n",
            "Requirement already satisfied: matplotlib in /usr/local/lib/python3.6/dist-packages (from wordcloud->persian_wordcloud) (3.2.2)\n",
            "Requirement already satisfied: pillow in /usr/local/lib/python3.6/dist-packages (from wordcloud->persian_wordcloud) (7.0.0)\n",
            "Requirement already satisfied: six in /usr/local/lib/python3.6/dist-packages (from python-bidi->persian_wordcloud) (1.15.0)\n",
            "Requirement already satisfied: future in /usr/local/lib/python3.6/dist-packages (from arabic-reshaper->persian_wordcloud) (0.16.0)\n",
            "Requirement already satisfied: setuptools in /usr/local/lib/python3.6/dist-packages (from arabic-reshaper->persian_wordcloud) (51.1.1)\n",
            "Requirement already satisfied: pyparsing!=2.0.4,!=2.1.2,!=2.1.6,>=2.0.1 in /usr/local/lib/python3.6/dist-packages (from matplotlib->wordcloud->persian_wordcloud) (2.4.7)\n",
            "Requirement already satisfied: python-dateutil>=2.1 in /usr/local/lib/python3.6/dist-packages (from matplotlib->wordcloud->persian_wordcloud) (2.8.1)\n",
            "Requirement already satisfied: kiwisolver>=1.0.1 in /usr/local/lib/python3.6/dist-packages (from matplotlib->wordcloud->persian_wordcloud) (1.3.1)\n",
            "Requirement already satisfied: cycler>=0.10 in /usr/local/lib/python3.6/dist-packages (from matplotlib->wordcloud->persian_wordcloud) (0.10.0)\n",
            "Installing collected packages: persian-wordcloud\n",
            "Successfully installed persian-wordcloud-1.3.1\n"
          ],
          "name": "stdout"
        }
      ]
    },
    {
      "cell_type": "code",
      "metadata": {
        "id": "DfQ9fL5W6zpl"
      },
      "source": [
        ""
      ],
      "execution_count": 56,
      "outputs": []
    },
    {
      "cell_type": "code",
      "metadata": {
        "id": "VAvwJDJPIu3W"
      },
      "source": [
        ""
      ],
      "execution_count": 86,
      "outputs": []
    },
    {
      "cell_type": "code",
      "metadata": {
        "id": "ffgBj07hIu04"
      },
      "source": [
        "def writeToFile(word, weight,  fileName, lastFileName):\r\n",
        "    X_and_Y = pd.read_csv(fileName , encoding=\"utf-8\")\r\n",
        "    text = ''\r\n",
        "    counter = 0\r\n",
        "    for item in input_list:\r\n",
        "        for i in range(len(item)):\r\n",
        "            text += list(item)[i] + ' '\r\n",
        "        print(counter)    \r\n",
        "        X_and_Y.loc [counter, 'text'] = text.strip()\r\n",
        "        X_and_Y.to_csv(lastFileName ,index=False, encoding='utf-8-sig')\r\n",
        "        counter = counter + 1\r\n",
        "        text =''"
      ],
      "execution_count": null,
      "outputs": []
    },
    {
      "cell_type": "code",
      "metadata": {
        "colab": {
          "base_uri": "https://localhost:8080/"
        },
        "id": "Pvws-7KFSwZA",
        "outputId": "ff304dbd-0350-409f-a4dd-352fcf98ba13"
      },
      "source": [
        "features = vectorizer.get_feature_names()\r\n",
        "file = pd.read_csv(\"/content/drive/MyDrive/Final/TF_IDF_00.csv\" , encoding=\"utf-8\")\r\n",
        "counter = 0\r\n",
        "\r\n",
        "text = \"\"\r\n",
        "weights = np.abs(centroids)\r\n",
        "for i in range(kmean.n_clusters):\r\n",
        "  print(\"Cluster %d:\" % i)\r\n",
        "  file.loc [counter, 'Cluster'] = \"Cluster %d:\" % i\r\n",
        "  top5 = np.argsort(-weights[i])[-250:]\r\n",
        "  for j in top5:\r\n",
        "    text += \" \" +features[j]  \r\n",
        "    print(\"Word: \"+ features[j] + \" weight: \"+ str(weights[i][j] ))\r\n",
        "    counter = counter + 1\r\n",
        "    file.loc [counter, 'Word'] = features[j].strip()\r\n",
        "    file.loc [counter, 'Weight'] = weights[i][j]\r\n",
        "    \r\n",
        "    \r\n",
        "  text =  text.replace(\"gt\", \"\")\r\n",
        "  draw_cloudWord(text, \"cloud_tfidf_\"+str(i))\r\n",
        "  file.to_csv(\"/content/drive/MyDrive/Final/TF_IDF_00.csv\" ,index=False, encoding='utf-8-sig')\r\n",
        "  text = \"\"\r\n"
      ],
      "execution_count": 102,
      "outputs": [
        {
          "output_type": "stream",
          "text": [
            "Cluster 0:\n",
            "Word: اسلام weight: 0.17662504290563244\n",
            "Word: gt weight: 0.12204368875330796\n",
            "Word: ازاد weight: 0.0917380577381498\n",
            "Word: استوری weight: 0.0821418417359791\n",
            "Word: ازتون weight: 0.077859848425548\n",
            "Word: ازار weight: 0.07777560144692565\n",
            "Word: ازادی weight: 0.06451409739218565\n",
            "Word: اسیب weight: 0.056059163213261876\n",
            "Word: ازدواج weight: 0.04883993277291198\n",
            "Word: اشک weight: 0.04692939771518377\n",
            "Word: اشاره weight: 0.04432171566152447\n",
            "Word: ارزو weight: 0.04390530954040678\n",
            "Word: اشکار weight: 0.04363693307987453\n",
            "Word: ات weight: 0.04231495723292882\n",
            "Word: اسپری weight: 0.04217354560330592\n",
            "Word: استارت weight: 0.041736591590654626\n",
            "Word: اخر weight: 0.038132475438291576\n",
            "Word: اسم weight: 0.035032198401890466\n",
            "Word: ادمی weight: 0.03457603506224458\n",
            "Word: اعصاب weight: 0.03224008231753856\n",
            "Word: ابادان weight: 0.0316048930717632\n",
            "Word: اجتماع weight: 0.03152928581870734\n",
            "Word: ابادی weight: 0.031230510677358877\n",
            "Word: ارای weight: 0.030211015784341787\n",
            "Word: اصلا weight: 0.029433595540808148\n",
            "Word: اتفاقا weight: 0.02927780288459989\n",
            "Word: ادعا weight: 0.028468703223033232\n",
            "Word: اشغال weight: 0.0281246134139572\n",
            "Word: استان weight: 0.0281235504976771\n",
            "Word: ادامه weight: 0.027300632428173172\n",
            "Word: ارگان weight: 0.02691344402075262\n",
            "Word: اصفهان weight: 0.02682456714714481\n",
            "Word: احترام weight: 0.026820248323156073\n",
            "Word: ارزوی weight: 0.02659809202189938\n",
            "Word: اسمان weight: 0.025729185351258035\n",
            "Word: اخه weight: 0.025588758531395184\n",
            "Word: اسناد weight: 0.025380175896278438\n",
            "Word: اتفاق weight: 0.02527045728523977\n",
            "Word: اتهام weight: 0.025254522168838923\n",
            "Word: اعدام weight: 0.024331012538465698\n",
            "Word: اتاق weight: 0.024209388231886102\n",
            "Word: اصلاح weight: 0.023668750878868695\n",
            "Word: اعتراضات weight: 0.023526992515694956\n",
            "Word: افسردگی weight: 0.022947216412135284\n",
            "Word: اره weight: 0.022105996475182525\n",
            "Word: اعتماد weight: 0.021991281999833825\n",
            "Word: اخوند weight: 0.02193476116106101\n",
            "Word: اشنا weight: 0.021836355210117665\n",
            "Word: ارشد weight: 0.021595690035454383\n",
            "Word: ارتش weight: 0.02147267365022242\n",
            "Word: اب weight: 0.021245753745865688\n",
            "Word: اماده weight: 0.020768944592803994\n",
            "Word: ارسال weight: 0.02058320710957542\n",
            "Word: اخرین weight: 0.01937439581561693\n",
            "Word: ارائه weight: 0.01846606259469709\n",
            "Word: افتاده weight: 0.01837831385340975\n",
            "Word: اسرائیل weight: 0.018070673664468608\n",
            "Word: ائین weight: 0.0179154144337214\n",
            "Word: آور weight: 0.01788073212413142\n",
            "Word: اطلاعات weight: 0.0175400663101886\n",
            "Word: الزمان weight: 0.017512155005460845\n",
            "Word: اعتراض weight: 0.016486028066298695\n",
            "Word: افزایش weight: 0.016429182677576797\n",
            "Word: ازشون weight: 0.016143391760025882\n",
            "Word: ادم weight: 0.016118715419528567\n",
            "Word: اخیر weight: 0.01598086101221386\n",
            "Word: اخوندی weight: 0.01587395048172888\n",
            "Word: اتفاقات weight: 0.015707060844265826\n",
            "Word: ارامش weight: 0.015565410183079172\n",
            "Word: ابراهیم weight: 0.015543895699121232\n",
            "Word: افکار weight: 0.01549955732557424\n",
            "Word: القا weight: 0.015294524595946069\n",
            "Word: اساس weight: 0.01510798854511149\n",
            "Word: اشتباه weight: 0.01440989894548897\n",
            "Word: اجازه weight: 0.014045185857018031\n",
            "Word: اطلاع weight: 0.014031040710875688\n",
            "Word: ابتدا weight: 0.013979599561261564\n",
            "Word: امکان weight: 0.01395078711968515\n",
            "Word: ارزش weight: 0.013945665032506679\n",
            "Word: اعمال weight: 0.013869852972885295\n",
            "Word: اخوندها weight: 0.01377644380768248\n",
            "Word: ادیان weight: 0.013677992218187258\n",
            "Word: ابی weight: 0.013217969740672424\n",
            "Word: افتخار weight: 0.013201025210465797\n",
            "Word: ابادانی weight: 0.01317420998607693\n",
            "Word: اس weight: 0.013141228484637812\n",
            "Word: افتاد weight: 0.013137543346213162\n",
            "Word: اصل weight: 0.01302327146719616\n",
            "Word: اتحاد weight: 0.012881907242107585\n",
            "Word: اقای weight: 0.012832038213847624\n",
            "Word: ارتباط weight: 0.012499006183908963\n",
            "Word: اجبار weight: 0.012245620076369045\n",
            "Word: اعلام weight: 0.012123653193115709\n",
            "Word: احمق weight: 0.011559762562980544\n",
            "Word: اسلحه weight: 0.01155344763814833\n",
            "Word: اریامهر weight: 0.011543117435914053\n",
            "Word: افق weight: 0.011424108843164995\n",
            "Word: احمد weight: 0.011400255492659061\n",
            "Word: العقول weight: 0.011082907737071062\n",
            "Word: اخراج weight: 0.010897489100989399\n",
            "Word: افت weight: 0.0101783515376715\n",
            "Word: المللی weight: 0.010149861370820325\n",
            "Word: ارا weight: 0.010121133508807782\n",
            "Word: استرس weight: 0.010006629465315603\n",
            "Word: السلام weight: 0.009860090272435838\n",
            "Word: ابرو weight: 0.009836739563809678\n",
            "Word: اخبار weight: 0.009616282094157455\n",
            "Word: امنیتی weight: 0.009511121646351645\n",
            "Word: اسید weight: 0.009492415561158395\n",
            "Word: اظهار weight: 0.008984697303938496\n",
            "Word: اعضا weight: 0.00897654559897567\n",
            "Word: انتخاب weight: 0.00890284983288572\n",
            "Word: امکانات weight: 0.00889174654971232\n",
            "Word: انتقال weight: 0.00881147034053973\n",
            "Word: اثبات weight: 0.00872824334772278\n",
            "Word: اعلیحضرت weight: 0.007840299338263856\n",
            "Word: اصن weight: 0.0076242339276396814\n",
            "Word: المان weight: 0.007588912854800265\n",
            "Word: احمدی weight: 0.007429582284073562\n",
            "Word: اله weight: 0.007416221531597858\n",
            "Word: اقدام weight: 0.007244472943302755\n",
            "Word: امید weight: 0.007241431966896816\n",
            "Word: اضافه weight: 0.006789409858675691\n",
            "Word: ادمای weight: 0.006715153927756695\n",
            "Word: ازین weight: 0.006702373184037377\n",
            "Word: الفرج weight: 0.006398050090782094\n",
            "Word: امار weight: 0.006275746394444867\n",
            "Word: انان weight: 0.006223271312736053\n",
            "Word: اباد weight: 0.006173543275912609\n",
            "Word: اختلاف weight: 0.006112494414340575\n",
            "Word: ادب weight: 0.006077724141859064\n",
            "Word: انجا weight: 0.006002985587749865\n",
            "Word: امن weight: 0.0057188591918807905\n",
            "Word: اسیر weight: 0.005593993573097132\n",
            "Word: ابان weight: 0.00556978200513273\n",
            "Word: اقا weight: 0.005426141736180847\n",
            "Word: احساس weight: 0.005221529919875183\n",
            "Word: احتمالا weight: 0.005170748969842746\n",
            "Word: ازادکردن weight: 0.00511950941827959\n",
            "Word: امیدوار weight: 0.005014604047019559\n",
            "Word: اختیار weight: 0.004824995198165853\n",
            "Word: اعتراف weight: 0.004520145820874075\n",
            "Word: الحسن weight: 0.004205292561212597\n",
            "Word: امد weight: 0.004099385716369703\n",
            "Word: ارام weight: 0.003910129302228156\n",
            "Word: افراد weight: 0.003874700617209777\n",
            "Word: احکام weight: 0.003678562736312781\n",
            "Word: امده weight: 0.003623840315750648\n",
            "Word: اذیت weight: 0.0036138700682781565\n",
            "Word: امدند weight: 0.003551998869929588\n",
            "Word: امدن weight: 0.0035356674642788855\n",
            "Word: اخرش weight: 0.0035292126465642486\n",
            "Word: اغاز weight: 0.0034467895036337354\n",
            "Word: ان weight: 0.0032744003301924266\n",
            "Word: استاد weight: 0.0032232679415878695\n",
            "Word: اداره weight: 0.003188632031240391\n",
            "Word: افرین weight: 0.003187068042078499\n",
            "Word: انتقاد weight: 0.0030849081763166144\n",
            "Word: اموز weight: 0.003055432993321373\n",
            "Word: امثال weight: 0.0030456673854680526\n",
            "Word: اموزش weight: 0.0030436419001389626\n",
            "Word: احتمال weight: 0.0029814067735531627\n",
            "Word: امور weight: 0.0029436684289225394\n",
            "Word: امامت weight: 0.002902590186960643\n",
            "Word: اذربایجان weight: 0.0026440260669073805\n",
            "Word: اموزشی weight: 0.002590041264891071\n",
            "Word: انتخابات weight: 0.0024288340738660317\n",
            "Word: امتحان weight: 0.002296581306318834\n",
            "Word: ال weight: 0.0022456929687907825\n",
            "Word: ابد weight: 0.0021855707812656715\n",
            "Word: انتظار weight: 0.002096598775932263\n",
            "Word: اعتقاد weight: 0.001999441605887849\n",
            "Word: امر weight: 0.0019176335459532604\n",
            "Word: انتظامی weight: 0.0017683030601826986\n",
            "Word: انجام weight: 0.0016897108831386456\n",
            "Word: الان weight: 0.0016861748076959099\n",
            "Word: الله weight: 0.0016166554172667527\n",
            "Word: افتاب weight: 0.001353043485808433\n",
            "Word: انتخاباتی weight: 0.0013441641338904963\n",
            "Word: اجرا weight: 0.0012831651274999472\n",
            "Word: ادما weight: 0.0012124971930333162\n",
            "Word: اقلیت weight: 0.0011920418507688363\n",
            "Word: انتشار weight: 0.0010903594021355449\n",
            "Word: امین weight: 0.0010571573340697597\n",
            "Word: التماس weight: 0.0008624555566616878\n",
            "Word: اقتصاد weight: 0.0007161251649229832\n",
            "Word: امام weight: 0.0006884185363171863\n",
            "Word: افرینی weight: 0.0006521445547472968\n",
            "Word: اری weight: 0.0005810546259797207\n",
            "Word: اروپا weight: 0.00046090346891129784\n",
            "Word: امان weight: 0.0004392310017083573\n",
            "Word: اتش weight: 0.0003261951491387218\n",
            "Word: امشب weight: 0.0003117181893049216\n",
            "Word: الاغ weight: 0.00026915481137836973\n",
            "Word: اخلاق weight: 0.0002581657187166144\n",
            "Word: اغداشلو weight: 0.000257690713735482\n",
            "Word: اموزان weight: 0.0002338453515480439\n",
            "Word: امت weight: 0.00020870818232210302\n",
            "Word: امریکا weight: 0.00014138349522140698\n",
            "Word: امنیت weight: 7.044561060303735e-06\n",
            "Cluster 1:\n",
            "Word: اسیب weight: 0.10570610379984946\n",
            "Word: gt weight: 0.09987308555964909\n",
            "Word: استرس weight: 0.0727651017928284\n",
            "Word: اسلحه weight: 0.06570698725871449\n",
            "Word: استارت weight: 0.0638441214821326\n",
            "Word: ازتون weight: 0.05120942439526558\n",
            "Word: اخلاق weight: 0.050996133493384964\n",
            "Word: اریامهر weight: 0.0478362053955131\n",
            "Word: ادما weight: 0.04720016115047534\n",
            "Word: اسید weight: 0.04683933215866175\n",
            "Word: اجازه weight: 0.04561662086591855\n",
            "Word: اخوند weight: 0.043062502456708444\n",
            "Word: اخراج weight: 0.04137884748810774\n",
            "Word: استان weight: 0.0390080823037754\n",
            "Word: اصفهان weight: 0.03883522464426643\n",
            "Word: اسمان weight: 0.03790097725952852\n",
            "Word: اسناد weight: 0.03646097004809785\n",
            "Word: ارتش weight: 0.036341452606002814\n",
            "Word: آور weight: 0.03577139460152856\n",
            "Word: اخوندی weight: 0.03455943941096564\n",
