{
  "nbformat": 4,
  "nbformat_minor": 0,
  "metadata": {
    "colab": {
      "name": "SheidaTalei_KMeanVsTfIDf_FinalProject.ipynb",
      "provenance": [],
      "collapsed_sections": [],
      "authorship_tag": "ABX9TyP6JZHfgLF+BIaGOEe7Zn8H",
      "include_colab_link": true
    },
    "kernelspec": {
      "name": "python3",
      "display_name": "Python 3"
    }
  },
  "cells": [
    {
      "cell_type": "markdown",
      "metadata": {
        "id": "view-in-github",
        "colab_type": "text"
      },
      "source": [
        "<a href=\"https://colab.research.google.com/github/SheidaTalei/FinalProject/blob/main/SheidaTalei_KMeanVsTfIDf_FinalProject.ipynb\" target=\"_parent\"><img src=\"https://colab.research.google.com/assets/colab-badge.svg\" alt=\"Open In Colab\"/></a>"
      ]
    },
    {
      "cell_type": "markdown",
      "metadata": {
        "id": "Y5kbpylkbSHh"
      },
      "source": [
        "#SUBJECT: K-Mean Vs TF-IDF\r\n",
        "###AUTHOR: Sheida Talei"
      ]
    },
    {
      "cell_type": "code",
      "metadata": {
        "colab": {
          "base_uri": "https://localhost:8080/",
          "height": 239
        },
        "id": "uovInzwGbQEC",
        "outputId": "50235228-fb44-432e-e729-21bbecbafaa3"
      },
      "source": [
        "import os, sys\r\n",
        "from google.colab import drive\r\n",
        "drive.mount('/content/drive')\r\n",
        "nb_path = '/content/notebooks'\r\n",
        "os.symlink('/content/drive/My Drive/Colab Notebooks', nb_path)\r\n",
        "sys.path.insert(0,nb_path)"
      ],
      "execution_count": 57,
      "outputs": [
        {
          "output_type": "stream",
          "text": [
            "Drive already mounted at /content/drive; to attempt to forcibly remount, call drive.mount(\"/content/drive\", force_remount=True).\n"
          ],
          "name": "stdout"
        },
        {
          "output_type": "error",
          "ename": "FileExistsError",
          "evalue": "ignored",
          "traceback": [
            "\u001b[0;31m---------------------------------------------------------------------------\u001b[0m",
            "\u001b[0;31mFileExistsError\u001b[0m                           Traceback (most recent call last)",
            "\u001b[0;32m<ipython-input-57-01a0301fcd81>\u001b[0m in \u001b[0;36m<module>\u001b[0;34m()\u001b[0m\n\u001b[1;32m      3\u001b[0m \u001b[0mdrive\u001b[0m\u001b[0;34m.\u001b[0m\u001b[0mmount\u001b[0m\u001b[0;34m(\u001b[0m\u001b[0;34m'/content/drive'\u001b[0m\u001b[0;34m)\u001b[0m\u001b[0;34m\u001b[0m\u001b[0;34m\u001b[0m\u001b[0m\n\u001b[1;32m      4\u001b[0m \u001b[0mnb_path\u001b[0m \u001b[0;34m=\u001b[0m \u001b[0;34m'/content/notebooks'\u001b[0m\u001b[0;34m\u001b[0m\u001b[0;34m\u001b[0m\u001b[0m\n\u001b[0;32m----> 5\u001b[0;31m \u001b[0mos\u001b[0m\u001b[0;34m.\u001b[0m\u001b[0msymlink\u001b[0m\u001b[0;34m(\u001b[0m\u001b[0;34m'/content/drive/My Drive/Colab Notebooks'\u001b[0m\u001b[0;34m,\u001b[0m \u001b[0mnb_path\u001b[0m\u001b[0;34m)\u001b[0m\u001b[0;34m\u001b[0m\u001b[0;34m\u001b[0m\u001b[0m\n\u001b[0m\u001b[1;32m      6\u001b[0m \u001b[0msys\u001b[0m\u001b[0;34m.\u001b[0m\u001b[0mpath\u001b[0m\u001b[0;34m.\u001b[0m\u001b[0minsert\u001b[0m\u001b[0;34m(\u001b[0m\u001b[0;36m0\u001b[0m\u001b[0;34m,\u001b[0m\u001b[0mnb_path\u001b[0m\u001b[0;34m)\u001b[0m\u001b[0;34m\u001b[0m\u001b[0;34m\u001b[0m\u001b[0m\n",
            "\u001b[0;31mFileExistsError\u001b[0m: [Errno 17] File exists: '/content/drive/My Drive/Colab Notebooks' -> '/content/notebooks'"
          ]
        }
      ]
    },
    {
      "cell_type": "code",
      "metadata": {
        "id": "M-P86Dhv3-X5",
        "colab": {
          "base_uri": "https://localhost:8080/"
        },
        "outputId": "056fdd37-6d60-4631-a274-da4ab31b2d67"
      },
      "source": [
        "# !pip install --target=$nb_path wordcloud-fa"
      ],
      "execution_count": 1,
      "outputs": [
        {
          "output_type": "stream",
          "text": [
            "Processing /root/.cache/pip/wheels/37/dd/e9/d6d14e3faa089ffa1bc80ae6f713ca91d2ffd0bb786edcdef5/wordcloud_fa-0.1.8-cp36-none-any.whl\n",
            "Requirement already satisfied: pillow>=7.0.0 in /usr/local/lib/python3.6/dist-packages (from wordcloud-fa) (7.0.0)\n",
            "Collecting wordcloud==1.7.0\n",
            "  Using cached https://files.pythonhosted.org/packages/f6/e7/f4ed7fac1993615b4ba92f473a77e27a3d210c5d23a000c2c98846963f9a/wordcloud-1.7.0-cp36-cp36m-manylinux1_x86_64.whl\n",
            "Requirement already satisfied: matplotlib>=3.1.2 in /usr/local/lib/python3.6/dist-packages (from wordcloud-fa) (3.2.2)\n",
            "Processing /root/.cache/pip/wheels/62/52/d8/bd0dcbf00f9e77e3bd0184285ed77dfa9c475dac494a5353d1/arabic_reshaper-2.1.1-cp36-none-any.whl\n",
            "Requirement already satisfied: numpy>=1.18.1 in /usr/local/lib/python3.6/dist-packages (from wordcloud-fa) (1.19.5)\n",
            "Collecting python-bidi>=0.4.2\n",
            "  Using cached https://files.pythonhosted.org/packages/33/b0/f942d146a2f457233baaafd6bdf624eba8e0f665045b4abd69d1b62d097d/python_bidi-0.4.2-py2.py3-none-any.whl\n",
            "Collecting hazm\n",
            "  Using cached https://files.pythonhosted.org/packages/22/13/5a7074bc11d20dbbb46239349ac3f85f7edc148b4cf68e9b8c2f8263830c/hazm-0.7.0-py3-none-any.whl\n",
            "Requirement already satisfied: pyparsing!=2.0.4,!=2.1.2,!=2.1.6,>=2.0.1 in /usr/local/lib/python3.6/dist-packages (from matplotlib>=3.1.2->wordcloud-fa) (2.4.7)\n",
            "Requirement already satisfied: kiwisolver>=1.0.1 in /usr/local/lib/python3.6/dist-packages (from matplotlib>=3.1.2->wordcloud-fa) (1.3.1)\n",
            "Requirement already satisfied: cycler>=0.10 in /usr/local/lib/python3.6/dist-packages (from matplotlib>=3.1.2->wordcloud-fa) (0.10.0)\n",
            "Requirement already satisfied: python-dateutil>=2.1 in /usr/local/lib/python3.6/dist-packages (from matplotlib>=3.1.2->wordcloud-fa) (2.8.1)\n",
            "Requirement already satisfied: setuptools in /usr/local/lib/python3.6/dist-packages (from arabic-reshaper->wordcloud-fa) (51.1.1)\n",
            "Requirement already satisfied: future in /usr/local/lib/python3.6/dist-packages (from arabic-reshaper->wordcloud-fa) (0.16.0)\n",
            "Requirement already satisfied: six in /usr/local/lib/python3.6/dist-packages (from python-bidi>=0.4.2->wordcloud-fa) (1.15.0)\n",
            "Processing /root/.cache/pip/wheels/66/15/54/4510dce8bb958b1cdd2c47425cbd1e1eecc0480ac9bb1fb9ab/libwapiti-0.2.1-cp36-cp36m-linux_x86_64.whl\n",
            "Processing /root/.cache/pip/wheels/d1/ab/40/3bceea46922767e42986aef7606a600538ca80de6062dc266c/nltk-3.3-cp36-none-any.whl\n",
            "Installing collected packages: wordcloud, arabic-reshaper, python-bidi, libwapiti, nltk, hazm, wordcloud-fa\n",
            "  Found existing installation: wordcloud 1.5.0\n",
            "    Uninstalling wordcloud-1.5.0:\n",
            "      Successfully uninstalled wordcloud-1.5.0\n",
            "  Found existing installation: nltk 3.2.5\n",
            "    Uninstalling nltk-3.2.5:\n",
            "      Successfully uninstalled nltk-3.2.5\n",
            "Successfully installed arabic-reshaper-2.1.1 hazm-0.7.0 libwapiti-0.2.1 nltk-3.3 python-bidi-0.4.2 wordcloud-1.7.0 wordcloud-fa-0.1.8\n"
          ],
          "name": "stdout"
        }
      ]
    },
    {
      "cell_type": "code",
      "metadata": {
        "id": "538pDnGPbP5F"
      },
      "source": [
        "import pandas as pd\r\n",
        "import numpy as np \r\n",
        "import matplotlib.pyplot as plt\r\n",
        "from sklearn.cluster import KMeans\r\n",
        "from sklearn.feature_extraction.text import TfidfVectorizer\r\n",
        "import matplotlib.pyplot as plt\r\n",
        "import seaborn as sns; sns.set()  # for plot styling\r\n",
        "# from kneed import KneeLocator\r\n",
        "from sklearn import metrics\r\n",
        "from sklearn.decomposition import TruncatedSVD"
      ],
      "execution_count": 58,
      "outputs": []
    },
    {
      "cell_type": "code",
      "metadata": {
        "id": "e5txGvMpNIdl"
      },
      "source": [
        "from os import path\r\n",
        "from PIL import Image\r\n",
        "from wordcloud import WordCloud, STOPWORDS, ImageColorGenerator\r\n",
        "import matplotlib.pyplot as plt\r\n",
        "import seaborn as sn\r\n",
        "from wordcloud_fa import WordCloudFa"
      ],
      "execution_count": 59,
      "outputs": []
    },
    {
      "cell_type": "code",
      "metadata": {
        "id": "6MMBLXDdb2U8"
      },
      "source": [
        "#------------------------------------------Empty Rows Removal----------------------------------------------------------------\r\n",
        "# This function Will: 1- Remove all empty rows from csv file 2- Save data to the same csv\r\n",
        "def removeEmptyRows(fileName):\r\n",
        "    df = pd.read_csv(fileName, encoding='utf-8-sig')\r\n",
        "    df = df.dropna(subset=['text'], how='all', axis=0) \r\n",
        "    df.to_csv(fileName, header=True, encoding='utf-8-sig',  index=False)\r\n",
        "    \r\n",
        "    return df"
      ],
      "execution_count": 60,
      "outputs": []
    },
    {
      "cell_type": "code",
      "metadata": {
        "id": "3V2U_CB1b2Ol"
      },
      "source": [
        "\r\n",
        "X_and_Y = removeEmptyRows ('/content/drive/MyDrive/Final/train_temp.csv')\r\n",
        "Y= X_and_Y.Label\r\n",
        "X = X_and_Y.text"
      ],
      "execution_count": 61,
      "outputs": []
    },
    {
      "cell_type": "code",
      "metadata": {
        "id": "V7QL5eNPcd1j"
      },
      "source": [
        "#--------------------------------------------------Loading StopWords ------------------------------------------\r\n",
        "#Source of file: https://sites.google.com/site/kevinbouge/stopwords-lists\r\n",
        "def getStopWord ():\r\n",
        "    try:\r\n",
        "        file = open('/content/drive/MyDrive/Final/stopwords_fa.txt', 'r', encoding='utf-8-sig')\r\n",
        "        file_readed = file.read()\r\n",
        "    \r\n",
        "    finally:\r\n",
        "        file.close()\r\n",
        "        \r\n",
        "    stopWord_Set = set(file_readed.split())\r\n",
        "    return stopWord_Set\r\n"
      ],
      "execution_count": 62,
      "outputs": []
    },
    {
      "cell_type": "code",
      "metadata": {
        "id": "hqzSeEf_coFT"
      },
      "source": [
        "persian_stop_word = list(getStopWord())\r\n"
      ],
      "execution_count": 63,
      "outputs": []
    },
    {
      "cell_type": "code",
      "metadata": {
        "id": "1BLb9YzVd491"
      },
      "source": [
        "vectorizer = TfidfVectorizer(stop_words= persian_stop_word ,  max_features = 2000 ) \r\n",
        "X_train_vector  = vectorizer.fit_transform(X)"
      ],
      "execution_count": 64,
      "outputs": []
    },
    {
      "cell_type": "code",
      "metadata": {
        "id": "xACxOW8yn0Cr"
      },
      "source": [
        "#source: https://stackoverflow.com/questions/34725726/is-it-possible-apply-pca-on-any-text-classification\r\n",
        "svd = TruncatedSVD(n_components=200)\r\n",
        "X_svd = svd.fit_transform(X_train_vector)"
      ],
      "execution_count": 65,
      "outputs": []
    },
    {
      "cell_type": "code",
      "metadata": {
        "colab": {
          "base_uri": "https://localhost:8080/"
        },
        "id": "hcXSoDF5cn8j",
        "outputId": "819d637d-4960-4cb1-d0e5-847c990b3015"
      },
      "source": [
        "#source: https://towardsdatascience.com/k-means-clustering-with-python-code-explained-5a792bd19548\r\n",
        "num_cluster = 20\r\n",
        "kmean=KMeans(n_clusters=num_cluster)\r\n",
        "kmean.fit(X_svd)\r\n",
        "labels = kmean.labels_\r\n",
        "silhoute = metrics.silhouette_score(X_svd, labels, metric='euclidean')\r\n",
        "print(\"silhouette_score is: \",silhoute)"
      ],
      "execution_count": 66,
      "outputs": [
        {
          "output_type": "stream",
          "text": [
            "silhouette_score is:  0.04650987011873098\n"
          ],
          "name": "stdout"
        }
      ]
    },
    {
      "cell_type": "code",
      "metadata": {
        "id": "5ZbUEqAlLICm"
      },
      "source": [
        "centroids = kmean.cluster_centers_"
      ],
      "execution_count": 67,
      "outputs": []
    },
    {
      "cell_type": "code",
      "metadata": {
        "id": "t-O77nhfQX80"
      },
      "source": [
        "#Source: https://stackoverflow.com/questions/26450673/sklearn-decomposition-top-terms\r\n",
        "# weights = np.dot(kmean.cluster_centers_, svd.components_)"
      ],
      "execution_count": 14,
      "outputs": []
    },
    {
      "cell_type": "code",
      "metadata": {
        "id": "8GURqR7uScFE"
      },
      "source": [
        "# weights.shape"
      ],
      "execution_count": 15,
      "outputs": []
    },
    {
      "cell_type": "code",
      "metadata": {
        "id": "yXSMX49YTmn7"
      },
      "source": [
        "#this functon calculates cos theta between two vectors\r\n",
        "def similarity (vector_a, vector_b):\r\n",
        "  ma = np.linalg.norm(vector_a)\r\n",
        "  mb = np.linalg.norm(vector_b)\r\n",
        "  sim = (np.matmul(vector_a,vector_b))/(ma * mb)\r\n",
        "  return sim\r\n"
      ],
      "execution_count": 68,
      "outputs": []
    },
    {
      "cell_type": "code",
      "metadata": {
        "id": "8kVLd61UUsvL"
      },
      "source": [
        "centroid_matrix = np.zeros((num_cluster,num_cluster))"
      ],
      "execution_count": 69,
      "outputs": []
    },
    {
      "cell_type": "code",
      "metadata": {
        "id": "VcV1a6O4UOny"
      },
      "source": [
        "\r\n",
        "for i in range(num_cluster):\r\n",
        "  for j in range(num_cluster):\r\n",
        "    centroid_matrix[i][j] = similarity(centroids[i], centroids[j])\r\n"
      ],
      "execution_count": 70,
      "outputs": []
    },
    {
      "cell_type": "code",
      "metadata": {
        "colab": {
          "base_uri": "https://localhost:8080/"
        },
        "id": "cngirXbMVPby",
        "outputId": "d4cdada7-d2ff-4b1d-8bbd-0d5b366471cb"
      },
      "source": [
        "print(centroid_matrix)"
      ],
      "execution_count": 71,
      "outputs": [
        {
          "output_type": "stream",
          "text": [
            "[[1.         0.09498211 0.17021227 0.01764478 0.05998023 0.08653912\n",
            "  0.16823401 0.08860989 0.11953755 0.27961163 0.12245255 0.01037042\n",
            "  0.15246637 0.17506141 0.12126468 0.06988817 0.06576208 0.09052177\n",
            "  0.08940162 0.02298132]\n",
            " [0.09498211 1.         0.12989528 0.06607205 0.07616877 0.14699585\n",
            "  0.10918942 0.08176959 0.18565157 0.29066805 0.1689943  0.04079118\n",
            "  0.08491734 0.13014762 0.19032124 0.11803591 0.11533678 0.1310922\n",
            "  0.1136453  0.01781666]\n",
            " [0.17021227 0.12989528 1.         0.03616408 0.08153084 0.1521836\n",
            "  0.1557157  0.12595682 0.15017862 0.37168396 0.14062867 0.02524508\n",
            "  0.14625652 0.25679405 0.11379579 0.05924319 0.10963474 0.11552005\n",
            "  0.12048698 0.01262402]\n",
            " [0.01764478 0.06607205 0.03616408 1.         0.02204826 0.05338452\n",
            "  0.03580066 0.03213437 0.06862997 0.12066914 0.02673653 0.02093506\n",
            "  0.01722541 0.03752652 0.03564962 0.03027362 0.11231448 0.03041304\n",
            "  0.04673132 0.00118721]\n",
            " [0.05998023 0.07616877 0.08153084 0.02204826 1.         0.07691135\n",
            "  0.10216411 0.08104327 0.09412049 0.26646572 0.06120348 0.01430011\n",
            "  0.07781601 0.07761294 0.11751499 0.03875204 0.07320787 0.06389991\n",
            "  0.06365089 0.02808852]\n",
            " [0.08653912 0.14699585 0.1521836  0.05338452 0.07691135 1.\n",
            "  0.10705949 0.09545606 0.24548294 0.30450239 0.08857686 0.09704702\n",
            "  0.07298128 0.12945057 0.11579769 0.06309153 0.14136069 0.20086226\n",
            "  0.22089369 0.02144512]\n",
            " [0.16823401 0.10918942 0.1557157  0.03580066 0.10216411 0.10705949\n",
            "  1.         0.09761928 0.14053784 0.32732214 0.13394591 0.02290466\n",
            "  0.13507241 0.14490975 0.11999747 0.06190755 0.08889361 0.0934396\n",
            "  0.20002778 0.01272853]\n",
            " [0.08860989 0.08176959 0.12595682 0.03213437 0.08104327 0.09545606\n",
            "  0.09761928 1.         0.11424683 0.22880396 0.08482959 0.01839095\n",
            "  0.10107439 0.12892627 0.10539157 0.05626    0.0661807  0.08506952\n",
            "  0.11807608 0.01534943]\n",
            " [0.11953755 0.18565157 0.15017862 0.06862997 0.09412049 0.24548294\n",
            "  0.14053784 0.11424683 1.         0.35224028 0.10433677 0.04120423\n",
            "  0.10014027 0.15340378 0.12000151 0.06093342 0.13354078 0.43059253\n",
            "  0.17755721 0.03175124]\n",
            " [0.27961163 0.29066805 0.37168396 0.12066914 0.26646572 0.30450239\n",
            "  0.32732214 0.22880396 0.35224028 1.         0.30262936 0.08024588\n",
            "  0.29329916 0.37505812 0.31765147 0.17678242 0.255328   0.24190584\n",
            "  0.26265984 0.07770721]\n",
            " [0.12245255 0.1689943  0.14062867 0.02673653 0.06120348 0.08857686\n",
            "  0.13394591 0.08482959 0.10433677 0.30262936 1.         0.0293033\n",
            "  0.14548528 0.13383419 0.2155925  0.14198803 0.07319773 0.07950131\n",
            "  0.11316293 0.01911735]\n",
            " [0.01037042 0.04079118 0.02524508 0.02093506 0.01430011 0.09704702\n",
            "  0.02290466 0.01839095 0.04120423 0.08024588 0.0293033  1.\n",
            "  0.01663237 0.0205955  0.03362242 0.01675281 0.0220397  0.02363499\n",
            "  0.01932683 0.00271897]\n",
            " [0.15246637 0.08491734 0.14625652 0.01722541 0.07781601 0.07298128\n",
            "  0.13507241 0.10107439 0.10014027 0.29329916 0.14548528 0.01663237\n",
            "  1.         0.16689066 0.11118803 0.0780555  0.06667647 0.07915912\n",
            "  0.07582383 0.00793983]\n",
            " [0.17506141 0.13014762 0.25679405 0.03752652 0.07761294 0.12945057\n",
            "  0.14490975 0.12892627 0.15340378 0.37505812 0.13383419 0.0205955\n",
            "  0.16689066 1.         0.10494461 0.05319254 0.09881053 0.09946143\n",
            "  0.15436888 0.01132916]\n",
            " [0.12126468 0.19032124 0.11379579 0.03564962 0.11751499 0.11579769\n",
            "  0.11999747 0.10539157 0.12000151 0.31765147 0.2155925  0.03362242\n",
            "  0.11118803 0.10494461 1.         0.40518323 0.10318488 0.08195611\n",
            "  0.10198939 0.05565271]\n",
            " [0.06988817 0.11803591 0.05924319 0.03027362 0.03875204 0.06309153\n",
            "  0.06190755 0.05626    0.06093342 0.17678242 0.14198803 0.01675281\n",
            "  0.0780555  0.05319254 0.40518323 1.         0.05849797 0.04721773\n",
            "  0.06953221 0.00977679]\n",
            " [0.06576208 0.11533678 0.10963474 0.11231448 0.07320787 0.14136069\n",
            "  0.08889361 0.0661807  0.13354078 0.255328   0.07319773 0.0220397\n",
            "  0.06667647 0.09881053 0.10318488 0.05849797 1.         0.07703208\n",
            "  0.08177014 0.02616062]\n",
            " [0.09052177 0.1310922  0.11552005 0.03041304 0.06389991 0.20086226\n",
            "  0.0934396  0.08506952 0.43059253 0.24190584 0.07950131 0.02363499\n",
            "  0.07915912 0.09946143 0.08195611 0.04721773 0.07703208 1.\n",
            "  0.11276297 0.02727614]\n",
            " [0.08940162 0.1136453  0.12048698 0.04673132 0.06365089 0.22089369\n",
            "  0.20002778 0.11807608 0.17755721 0.26265984 0.11316293 0.01932683\n",
            "  0.07582383 0.15436888 0.10198939 0.06953221 0.08177014 0.11276297\n",
            "  1.         0.00733139]\n",
            " [0.02298132 0.01781666 0.01262402 0.00118721 0.02808852 0.02144512\n",
            "  0.01272853 0.01534943 0.03175124 0.07770721 0.01911735 0.00271897\n",
            "  0.00793983 0.01132916 0.05565271 0.00977679 0.02616062 0.02727614\n",
            "  0.00733139 1.        ]]\n"
          ],
          "name": "stdout"
        }
      ]
    },
    {
      "cell_type": "code",
      "metadata": {
        "id": "_Sohh8v6VknN"
      },
      "source": [
        ""
      ],
      "execution_count": 46,
      "outputs": []
    },
    {
      "cell_type": "code",
      "metadata": {
        "colab": {
          "base_uri": "https://localhost:8080/",
          "height": 815
        },
        "id": "GGqyG92nVd7l",
        "outputId": "14022674-1b1d-4ecb-eef9-4fe41fe28bfb"
      },
      "source": [
        "#Source: https://stackoverflow.com/questions/35572000/how-can-i-plot-a-confusion-matrix\r\n",
        "df_cm = pd.DataFrame(centroid_matrix, range(1,num_cluster+1), range(1,num_cluster+1))\r\n",
        "plt.figure(figsize = (20,14))\r\n",
        "# sn.color_palette(\"vlag\", as_cmap=True)\r\n",
        "plot = sn.heatmap(df_cm, annot=True, cmap=\"coolwarm\")\r\n",
        "# plot.figure.savefig(\"/content/drive/MyDrive/Final/output_15.png\")"
      ],
      "execution_count": 72,
      "outputs": [
        {
          "output_type": "display_data",
          "data": {
